accuracy: 0.3466666666666667
precision: 0.12017777777777779
recall: 0.3466666666666667
f1: 0.1784818481848185
